6490
3927
5331
5529
2953
9268
1950
5548
7867
5508
6588
4350
5414
9016
8085
3027
3254
9287
7973
7784
3367
2225
9407
1252
3046
1248
4946
6459
5155
2752
6187
8805
2074
5169
4298
9631
3938
7083
1065
1024
3460
2577
2427
6078
7952
2488
2258
3169
9117
6970
5156
5081
1249
9910
1070
3228
9024
6427
5273
9971
3207
4773
5612
6661
9915
5398
546
2388
5773
9129
7582
7399
5521
1667
5612
2775
7328
9594
4170
4622
3451
795
2023
7916
8112
455
266
5340
5314
2350
22
1319
7828
2559
6861
440
4566
7005
1250
6624
6483
7382
3764
9914
362
5425
856
1265
188
7510
6645
1568
2517
4627
5174
843
4655
7195
6876
2749
6323
3985
8642
4817
9186
6566
5685
8932
6771
9791
739
2459
6669
4843
6035
1953
2183
9444
646
6740
221
2739
3900
2945
7702
9737
58
2316
309
27
3866
2597
1581
9245
2196
6536
3416
1043
3068
8451
4089
964
7276
77
7360
8304
515
8885
8607
5651
3550
1688
8779
7274
918
9672
1045
9270
7130
2553
3241
2639
2206
8477
198
5146
6756
8147
927
5726
6923
6220
4738
2371
9045
8030
3863
2812
4717
8060
5771
1687
1448
9734
9790
4131
3003
812
1401
1009
5694
5673
5892
1438
9792
3198
4711
8880
1707
9692
863
6910
6552
4214
6516
3269
934
471
7449
1672
8616
512
1539
1528
8461
4564
7613
117
8996
5719
5515
5683
62
324
3902
2160
374
4318
1704
2277
2511
8506
2800
4684
3726
859
2344
321
2216
1614
6429
4747
9116
3719
2287
2093
5860
9931
8114
3064
3592
1888
8019
3124
6163
6290
4415
3263
1242
4775
1185
9044
9643
7525
1658
1855
4370
8258
3030
9296
7170
1276
9548
158
4514
2683
3350
4943
4389
7956
1427
9061
3951
1567
3129
3339
9397
3419
8846
2528
5540
560
5513
8595
2420
8053
21
5024
1342
6035
1734
8905
6156
3802
9822
9817
1105
3315
4114
6277
3641
821
889
5220
4161
3452
2949
8209
9546
4391
1813
3230
3338
272
6633
6682
7940
5922
4744
7350
2729
1958
6735
2501
7311
2974
1771
8355
1041
3510
4617
6936
3751
9080
1339
2444
9703
5455
1934
9789
1404
4718
9434
2430
2710
8337
7146
9235
9378
8100
4188
4714
9708
1315
1435
8076
7618
1570
5883
9733
8938
4846
20
5167
5399
579
4659
9894
1288
1936
2429
4776
5842
5512
2102
2683
2047
1786
2002
9587
455
1619
9913
9556
1454
3074
4352
5493
6301
3501
4149
3398
9109
882
5067
6627
8114
1536
391
7753
3789
6471
9130
1737
4276
717
6177
5867
6046
7939
1273
2948
5433
3575
519
2571
8535
5419
6359
329
6969
2742
66
8127
7258
7162
2390
1612
895
5462
7889
9998
9004
1852
1853
2185
5899
4341
6755
6582
9722
5028
153
1934
4658
2201
7805
5480
6751
5751
6215
7263
5469
1639
3098
2647
1551
142
9740
7825
9894
4237
9703
6093
2896
88
2766
9503
1518
1529
435
5990
6091
3269
1720
9337
3482
5791
613
1026
7759
7916
5034
5615
3729
7063
4213
5015
1550
8262
9990
4843
3503
5341
2657
2061
3886
2401
4692
1716
6950
4719
2554
6272
9561
2094
3103
4284
8871
9939
8213
8514
8446
4979
1814
4883
9757
9790
3115
8774
9278
1946
5596
9649
3427
6318
6777
4950
4560
3696
7273
7024
1321
1953
9952
5102
4237
4615
7622
4383
35
4139
9686
7199
2628
1989
2373
9201
3802
5124
3780
1261
3687
2530
2438
9404
4681
4776
9126
7298
4429
862
3571
5498
9841
1333
2669
9480
3918
5929
5413
3579
7798
5185
7312
8434
5514
7672
5949
7345
7727
6737
615
8068
7890
6103
5980
3139
8362
6691
2735
5430
2701
1
3467
4619
2725
9333
3321
6358
3796
346
36
3224
758
2699
2107
3523
4775
9974
4134
5500
1173
1133
7837
1346
1926
5199
4038
7295
3341
871
9373
9469
5513
899
7496
2042
9038
2488
9420
4783
1528
1395
9098
4845
8061
1907
2126
5865
5011
8821
874
4490
4323
7648
2862
1504
8300
1571
2315
183
9034
8956
5080
7788
392
859
8548
1760
8387
165
1053
6523
6161
3517
3633
1843
2163
3632
5858
1580
7751
7823
5231
2546
8977
1219
4610
4437
906
652
4404
3060
937
5418
9095
7022
98
5328
9093
708
8156
102
5973
9907
9208
1438
4255
5025
8830
5993
6064
582
5914
2571
1391
5309
3639
1308
736
5370
3338
2624
713
1822
7859
330
7700
7593
8783
1740
7797
463
7346
98
1740
1519
9107
5264
9468
2608
7144
5480
7005
3804
7652
2337
4192
290
3966
6820
3170
2246
6116
4121
9538
8700
3615
1058
373
3717
296
2278
4602
2777
4428
785
1882
6198
5692
8153
7362
4679
6728
1412
8916
3209
5277
3913
2523
9642
621
2884
7038
5106
6686
8222
9830
7175
3637
8876
8099
7867
5412
38
8412
5737
2258
8395
5894
5345
6794
5875
6680
1503
7751
5941
6300
1779
8030
5003
3159
1228
4812
1298
8973
1174
9426
9990
7359
1526
8366
6814
6134
771
4604
4564
9413
376
1468
9224
314
1383
3334
7253
1285
7984
3692
4051
6860
6290
2078
2527
6302
6481
1060
8392
9878
9769
8407
8171
3011
7282
1553
1810
166
6948
9735
5688
8443
9597
7699
2400
4876
9457
6999
9254
1858
3665
4111
3558
2573
6239
518
2621
6198
9777
2732
1629
6627
5700
1862
3492
1099
770
3030
5326
5691
1943
5133
8618
4232
9249
974
955
3589
1270
8101
832
9735
5499
3576
7878
4151
7682
6141
637
4984
2899
5436
3000
2059
7566
2182
5897
9983
4031
3174
9964
1404
2323
9286
3314
7858
1515
3558
4145
6429
5087
6649
154
1372
2309
5504
492
3810
466
3131
1143
9916
9503
3628
8403
6053
2224
9759
9010
5911
3745
136
2851
7506
5681
7611
8952
9986
4292
6561
667
4875
9124
2346
4604
8344
8632
1086
6014
9734
9927
904
2387
6138
654
2309
8261
4458
4785
841
1207
