7326
23007
11039
25353
9276
8703
12306
19830
17762
14466
11492
2858
4102
27803
30415
5130
30148
7552
5117
10788
29385
20417
19347
14749
15855
11480
30446
29930
17449
8449
30764
323
29474
2892
31215
18261
5921
13296
23645
15416
20528
31970
29548
13984
25213
166
31324
9303
26112
4966
24709
13291
6494
23105
21330
18084
23566
27877
10638
16056
5050
13664
5086
32194
232
563
13967
10097
18137
32424
4242
31869
10929
1382
21445
25056
19929
323
4725
26690
26530
20569
26144
26549
16939
23900
29567
930
32388
25387
28611
11011
25619
3748
2848
26835
16183
29373
25736
6339
4908
720
27321
21551
9007
1847
20089
11088
5858
16409
27168
32435
15857
10883
16984
3306
14070
7099
1057
2177
32154
9937
9240
18996
9213
118
760
29534
15193
21777
15201
5301
12258
17680
31960
11573
7152
31612
6160
5466
22111
4817
8295
10898
16438
15372
18100
20210
5512
23557
20800
4392
17816
4863
21778
4273
5696
25214
5232
29260
5780
25945
9890
30894
9410
19983
19705
5495
2877
8030
6416
1637
31002
21266
18514
21191
22970
25372
30908
15669
20393
26851
6884
32127
22214
18143
17723
22243
20900
4195
19599
24195
1585
9146
17876
1558
19861
10870
21795
16093
31581
29701
28163
18648
16345
24197
26856
571
2498
16857
4601
19228
11040
4349
5398
20846
17771
9622
27418
22834
16625
27086
11357
21740
21367
21598
27774
25172
23075
27372
863
32591
2714
16024
26480
2845
16229
5842
32049
26580
25497
15982
32754
20493
16823
9978
26589
13533
14801
22095
28983
14343
8942
21094
10467
5743
23472
32621
8744
5842
20020
9242
14772
20661
27450
2112
2528
24475
24710
24992
29749
22139
3718
769
25647
1905
308
387
12098
29620
28734
17456
13851
30664
2660
12756
11048
2037
4130
28942
8794
4343
400
28328
20010
20727
25478
7716
3546
15546
24579
10391
12541
17689
17872
32187
5177
4273
11104
31551
31564
32219
14587
7777
19533
223
24092
29631
4148
12900
30231
14698
23709
8747
8190
26429
2761
16893
19910
4461
24550
31970
20134
22880
2704
20116
22720
24771
6551
28467
22019
29399
20483
26426
30800
22539
31317
8114
22747
2000
10512
17062
9941
11433
29816
32726
10568
11905
11674
2479
6210
14146
8332
24187
4405
26019
19446
12758
10910
8770
12753
2657
27365
19186
9583
26554
9860
10326
15036
1195
2412
25007
15043
2465
20388
25330
16756
17248
28980
26910
26788
12790
17729
10444
9301
1005
24697
17159
13368
20933
12978
31839
20080
11682
10189
27193
26521
23361
20449
2665
15369
17456
21142
30979
32341
31807
12750
14445
20247
27186
8075
16313
25071
26808
27405
17202
29640
29601
18746
27445
30301
13643
31811
27971
5371
2141
7813
15187
30344
16824
5293
15725
24772
22187
27424
18804
8399
13158
8858
19780
23788
21938
12308
24317
13188
32735
13292
10141
19310
6141
11328
23509
14701
1871
9882
14101
24314
11772
13523
11498
9796
16136
10545
17545
16246
6275
24019
21164
17208
27648
2895
1436
24184
19273
29337
30607
27498
27985
24103
15157
7117
16234
15954
5774
6257
5816
25856
24574
14838
5606
9344
12707
16086
6935
21941
26342
8870
18976
2423
6224
31384
1780
26934
2464
31557
29791
2784
15898
2985
19192
15365
10017
2415
7249
2106
8456
8815
22128
32443
12838
26486
7043
31572
16424
31813
16847
30337
12203
2268
4074
8404
8715
20472
2346
19863
17781
3802
24157
28851
27460
2634
22202
13264
22666
27868
17688
26302
1260
23154
23902
20243
15284
23810
32315
6934
21281
3737
17175
31708
28161
9376
29257
10929
31618
16479
7050
23994
26950
10431
31401
28632
15285
20820
29313
16334
151
21146
13353
2727
20450
14207
26218
17746
20176
17442
24950
14736
26933
6619
21206
27152
13584
23675
23973
471
13408
15573
2812
21222
26937
3197
7853
10263
28694
16079
9268
28233
5233
31539
18410
30908
5009
9376
20604
25790
420
31327
19612
24712
1293
13842
18678
22883
23551
19188
8806
21775
24651
10850
18536
31332
32118
12699
976
3386
19727
9412
5563
24967
19775
23343
17093
2503
26018
220
7804
17569
11861
4416
11029
28103
11601
28486
8542
30238
32247
16020
29940
10015
5867
25103
26806
13693
8742
17313
18297
26375
6983
18746
5374
20433
10282
6932
19233
27278
24508
7996
30546
4161
29454
20046
19529
4885
27816
17791
31734
136
31263
14817
28087
20175
29674
12515
9422
31094
6001
8727
27410
20808
10087
26169
5092
878
26202
5996
27493
7131
8072
18118
9703
1767
12789
11023
25505
22073
20922
11462
7334
19691
29600
29541
2328
30441
5869
22503
22936
20378
24958
24710
21506
15299
16918
10697
10327
23208
3318
24766
4603
29300
18094
12932
6433
31706
4402
21773
2179
4349
28464
3362
27478
17293
20897
21928
10109
7731
9119
3105
2045
21808
18550
18038
19377
27201
16381
13811
3135
18373
25895
15251
4426
5921
31445
4478
25577
22116
31470
11728
13912
28967
23474
17052
29678
24760
16203
32561
3407
6007
16805
30363
21731
15231
22656
20333
32647
29833
31172
8382
7554
20750
31764
8306
8122
1708
26021
1723
15656
4555
7505
19166
19593
30848
12775
7483
26198
13490
11206
17032
25335
2427
7338
13405
2356
18384
25029
10997
236
18021
19474
29747
24073
4299
8934
15331
22451
4571
13512
10563
32708
15704
27266
30145
3708
31952
4216
24839
5751
25539
19001
9781
13531
28424
25684
22125
4566
21355
30829
15509
17736
8091
6031
11864
29628
13636
28356
28270
14237
23928
6627
1054
10919
31827
6314
11265
9115
10207
6668
17928
31799
9781
4556
25792
29541
5861
19531
25045
32691
19352
29855
7126
9731
5108
16612
16695
10371
192
14551
19612
8672
25161
19105
5717
24759
1540
8688
7972
5965
30580
30028
30791
13183
18510
15785
27826
29436
9180
3128
20381
1969
12703
29315
5182
24709
2872
12473
4824
27207
18825
7750
7924
23780
27927
167
21230
26846
9650
17533
13492
22777
15705
19680
6091
31800
10840
19701
24723
27655
3251
24515
3275
698
6855
21058
9559
5686
16687
21429
32065
19182
31205
58
25087
4882
7849
31136
8436
11778
15015
632
1593
15369
8020
20335
14492
14920
16537
731
5865
31472
7219
1683
31337
28085
12378
14340
681
19583
17824
6785
20092
98
