183
753
318
300
751
630
201
981
358
860
636
248
782
280
442
433
483
974
444
886
103
82
635
646
933
512
267
196
976
760
401
49
508
556
479
384
413
884
966
422
407
474
27
194
734
738
300
169
72
764
924
493
151
21
61
662
203
98
542
321
215
510
694
313
714
286
384
203
593
660
560
807
867
513
404
619
246
679
998
58
648
261
209
974
928
323
113
481
398
809
32
490
184
940
31
62
7
209
970
981
346
444
871
126
113
275
0
790
252
254
199
765
484
290
250
57
138
231
191
559
736
655
673
623
853
104
971
576
349
475
276
716
559
765
580
837
737
478
455
512
985
657
360
113
693
795
943
783
622
792
950
585
416
994
40
185
253
795
867
760
610
53
751
490
954
119
855
91
778
659
48
907
814
510
960
158
674
72
57
271
746
717
374
406
85
307
349
415
552
772
326
213
416
566
19
158
618
738
656
433
494
242
932
638
633
246
504
581
274
769
536
649
248
991
400
30
841
730
457
401
446
301
212
999
837
992
807
425
703
125
733
102
588
3
434
449
11
729
984
989
791
957
195
126
462
870
524
929
763
214
932
775
767
916
951
343
395
425
787
770
425
754
561
34
748
373
291
325
509
863
719
990
968
525
27
221
790
810
33
736
147
369
141
714
875
587
453
859
593
82
504
217
368
831
706
557
110
601
343
401
822
984
749
280
300
481
896
998
462
538
704
10
737
617
933
705
34
88
190
166
615
531
910
870
181
837
456
464
26
592
373
517
477
3
444
788
965
489
73
66
312
752
104
8
958
807
259
781
804
396
123
733
397
228
596
610
110
452
357
474
64
600
806
897
604
730
889
601
586
797
470
880
3
650
826
377
752
371
248
52
578
990
4
34
787
749
563
164
4
627
814
700
473
1
937
542
858
315
735
40
307
4
408
136
263
937
486
229
976
860
900
640
114
88
376
164
153
485
682
268
7
820
653
716
251
293
471
228
567
806
652
512
648
136
383
378
956
285
955
372
238
484
390
281
701
408
503
916
775
21
770
507
632
453
794
797
79
322
287
577
51
829
800
425
417
263
226
695
242
869
129
7
827
497
999
949
532
407
747
776
149
525
515
472
221
687
413
836
390
58
906
991
302
671
900
115
103
650
714
254
881
371
233
261
245
812
718
238
861
277
417
162
755
517
12
603
184
954
173
963
758
123
951
949
840
195
928
543
640
608
262
464
697
437
675
958
982
229
875
516
474
946
388
882
522
637
462
117
296
654
66
697
281
957
991
708
553
162
651
900
949
107
927
348
650
988
958
619
204
132
744
693
826
381
554
975
592
412
544
541
164
922
573
22
733
890
2
602
625
908
326
538
631
465
941
474
228
912
843
923
297
793
235
995
668
215
835
641
558
723
506
715
926
399
966
82
644
600
295
281
144
737
768
506
36
123
871
954
287
833
578
710
628
67
364
958
586
657
408
472
997
338
310
792
389
997
772
718
685
193
663
633
959
152
50
11
198
409
765
677
748
646
738
53
13
699
628
660
763
345
241
61
163
609
786
699
657
828
312
394
48
819
465
696
52
699
499
189
131
3
8
146
665
217
387
646
947
321
91
263
447
423
557
623
66
776
638
676
898
508
161
572
837
519
774
216
240
424
772
873
301
169
392
105
391
912
846
652
448
917
760
702
486
541
373
70
857
198
515
43
648
389
920
878
676
220
301
89
404
808
477
822
619
594
652
683
343
836
763
156
211
822
515
994
328
81
728
10
743
589
169
665
275
326
980
95
101
204
95
681
255
371
317
956
212
551
861
711
71
828
41
640
380
494
950
161
485
933
919
444
542
547
63
949
211
912
758
936
632
101
452
978
872
368
948
892
962
432
267
173
425
2
305
583
83
275
454
846
69
951
265
604
125
257
997
848
256
11
158
575
469
200
467
972
169
25
123
173
892
517
293
294
388
668
274
90
897
862
134
694
256
263
879
344
740
790
181
392
506
919
643
583
332
373
948
501
353
836
546
39
546
902
699
377
472
412
157
191
844
71
732
435
591
199
897
754
923
876
765
927
961
203
934
989
85
380
345
415
999
266
249
122
380
874
958
38
788
552
186
384
469
838
400
340
680
894
942
313
122
521
5
573
614
705
774
219
112
565
743
409
517
283
750
519
602
771
414
669
586
376
616
325
692
218
395
993
964
147
431
430
1
927
798
761
127
231
700
392
478
927
105
956
914
126
132
485
868
583
282
975
873
214
495
596
954
852
685
755
252
799
339
975
440
876
983
235
694
790
503
92
