7774
20978
830
12459
13349
22377
12728
12009
18858
24149
23997
8892
22472
890
23317
21153
1429
8672
26550
22404
20445
11385
11994
25477
17615
19205
597
26107
10229
15923
15910
12473
4714
20233
2636
657
25415
19845
28379
6935
5214
25221
28238
15271
18219
14564
6687
14762
7687
16870
21909
1556
13727
6358
15070
20017
21157
18925
22109
6562
6085
118
11333
2467
22491
24624
15463
7567
22627
3572
30792
8357
6192
11159
24439
9484
28258
19218
13853
12309
5522
7392
2518
31681
30543
23976
30911
29059
19406
18204
28369
16966
25053
2081
19821
16306
8985
2096
12599
23211
10337
31228
18984
27419
29322
341
31199
9458
6996
28748
11320
24171
4765
24472
7712
2960
15317
9784
1704
4864
32690
29786
22104
24560
9765
5500
197
21872
3212
7633
1125
1775
3113
1766
9379
23042
9427
32645
2607
30049
16363
29402
15768
8498
8082
2772
12316
31883
19993
12750
18111
11314
8633
22383
7066
26279
10373
31950
26998
356
4252
19418
21913
25443
24739
15866
3040
225
5235
5616
24846
17506
29198
12547
28516
2293
10968
29533
24946
2489
7428
21426
24364
27296
18764
18978
20800
15987
20709
9825
28327
11798
4018
4373
18554
9486
9912
15487
18440
10048
2770
2142
21285
13307
27557
7440
2757
23097
1751
16891
22473
25122
15228
29483
14872
12242
29137
31292
3570
17244
11053
3707
15233
31247
20020
16456
1201
29944
846
13247
25922
18599
13656
28311
14620
23094
2713
15689
7394
3464
27127
29557
15561
10447
24682
2946
1451
4433
31410
27014
27735
17771
26437
17765
16172
14294
29836
60
13798
28713
16206
26880
13239
5279
9581
13410
28570
16667
20688
11254
30436
20329
28320
22677
15899
29895
26295
11264
13324
22692
10069
28101
2840
2215
22805
28519
11471
28147
3872
19385
3008
10154
18337
13707
18318
28335
20601
6536
22343
26289
25651
5983
11762
101
4922
5665
3431
20754
19785
30698
31588
851
7972
12484
3292
17689
30854
17608
31634
22255
3674
29063
14823
8322
11565
1704
30960
28256
4068
12754
21708
15616
3754
16844
6965
13571
14893
9442
24660
15545
14090
9867
21978
17127
28037
12362
6220
9927
24958
4562
26270
24913
18081
5229
30724
21433
9436
23966
25605
24377
8470
25861
20689
10768
15902
388
23508
13771
10721
20896
28811
10947
27361
810
407
31975
482
15902
22544
19899
21478
14027
27931
12193
28764
11060
447
11864
1941
20407
26868
16578
9591
28396
14333
2026
1141
16592
20728
32581
3263
15651
31668
568
21429
27918
194
19163
12194
9
31439
19965
13223
10236
21041
6248
10229
164
5823
4453
21055
1593
11238
18051
8816
24398
31481
9365
6041
32248
8137
16890
28973
23602
17270
7713
112
22400
6532
31307
11821
28627
13105
12179
2215
28077
7430
9772
28115
13189
31405
20971
9668
15981
5378
22533
359
6642
3692
16921
20848
19268
12654
25201
18836
30615
3449
19845
9209
18888
22021
3264
6379
23364
14304
28295
32464
9254
6341
6008
9822
13983
30000
14575
18187
18843
20593
4303
4037
22177
27391
5759
12260
20219
13072
31026
27741
11288
9062
21356
5432
24366
1132
14274
28484
25635
17281
31457
26121
31662
21652
24273
6654
20666
20977
891
7932
3339
20058
16489
32499
8483
3418
19406
21724
17255
5590
21190
5102
27262
21221
26334
20245
18170
14050
25815
5280
58
5311
14503
12857
14478
9115
8897
29979
7325
24727
25238
14975
516
17126
27228
25687
22848
30244
14
1599
30414
3817
28596
24241
30608
28061
13028
28792
17523
17294
12681
20583
31055
28223
32739
31562
13071
7428
15823
18461
2321
29899
31561
19068
13776
9789
17967
14683
12992
10758
17735
11767
19321
6000
1156
20236
27672
18743
22149
15433
12002
17561
28511
19969
27947
5804
7324
32035
22391
7156
16004
1900
22750
26165
26267
9179
18869
13446
16234
23398
13674
12711
8578
23019
14256
27796
31167
19305
13532
16218
25802
6512
29071
6186
9185
7382
19862
22700
20187
6060
9742
16277
26470
2928
8908
4220
12692
16260
29436
28138
30102
3039
15623
6576
3783
15363
17851
3965
27628
7727
4774
11695
25785
4821
3010
24682
2200
12366
24664
743
19111
20173
13086
27407
12031
4242
20898
21321
23868
14944
31468
5776
15418
28720
31071
29384
31516
10791
5089
17746
11155
30150
6716
30174
20829
22369
4291
896
2827
24530
16184
26631
14344
19054
9965
17802
16343
14136
9258
4675
24220
21845
16079
13984
6878
4544
28218
20888
18571
7743
21611
5948
15676
25750
13414
32142
6587
14842
10201
11157
19651
26312
22527
24241
13062
22135
15812
14893
30836
972
11562
13587
7867
30028
12267
6724
19722
24055
29536
20167
19739
13875
19873
21090
22896
24839
7662
11879
8413
12681
3150
18129
9030
25754
27765
16783
19370
25296
18411
30752
27488
24244
21355
10080
31393
9006
21386
20898
16967
9789
13465
1790
21204
13291
22987
2029
27830
17793
26523
30227
15818
22775
3432
1883
6174
23726
4706
28489
1531
866
10666
29324
24355
5210
20917
22739
17239
3041
17138
12514
7708
8186
12716
6885
6079
32080
26417
3332
6039
20588
30260
17975
15242
28458
3696
25436
26834
13934
13198
19079
23041
28691
23369
24729
20035
21796
14032
15636
15844
79
11115
20525
14354
25750
15970
12067
19939
7240
30747
31440
11930
9264
642
5246
22822
22284
1709
5371
1771
15681
3521
14832
13253
1228
26895
15726
26442
13692
25987
19402
9040
30046
20031
2987
7088
29049
643
27745
6985
16060
8912
11896
14919
18229
6477
23181
18853
6020
361
6753
6128
8334
12994
10284
29518
16758
29510
18484
3264
11721
5271
157
8356
1016
180
899
2174
10252
31191
32582
6647
13973
4505
18725
30502
9187
7004
5647
13327
23417
7658
13749
30057
29631
2138
996
27813
18935
11828
1042
21803
6770
20181
23351
22247
26884
11284
7134
29188
19893
29733
6267
22519
31161
702
12287
21952
2211
15737
18602
13164
29141
3962
27936
11487
11835
18513
16320
26576
26169
25121
14385
2837
15329
29442
24381
23329
1386
19877
31971
32715
3037
5431
27815
22353
8722
18567
3117
31388
10203
2154
30726
22213
19839
7519
2762
32729
11114
111
21095
8409
546
27479
28600
11525
13949
13289
5210
13914
24082
30384
4795
3418
